FAULT DETECTION ;Uncon;Status;DUAs; Version;6b
1.000000;True;clear;org.mockito.internal.debugging.WarningsFinder%find#0@11$(30,(34,39), unused)
1.000000;True;clear;org.mockito.internal.debugging.WarningsFinder%find#0@18$(33,(34,39), unstubbed)
0.875000;True;clear;org.mockito.internal.invocation.UnusedStubsFinder%find#0@3$(27,(28,31), s)
0.875000;False;clear;org.mockito.internal.invocation.InvocationMatcher%createFrom#7@0$(156,162, out)
0.875000;True;clear;org.mockito.internal.invocation.InvocationMatcher%createFrom#7@1$(156,159, out)
0.875000;True;clear;org.mockito.internal.stubbing.StubbedInvocationMatcher%wasUsed#1@0$(46,(46,46), this)
0.875000;True;clear;org.mockito.internal.stubbing.StubbedInvocationMatcher%wasUsed#1@2$(46,(46,46), this.usedAt)
0.857143;True;clear;org.mockito.internal.debugging.LoggingListener%foundUnstubbed#0@1$(36,(36,43), this)
0.857143;True;clear;org.mockito.internal.debugging.LoggingListener%foundUnstubbed#0@6$(36,(36,43), this.warnAboutUnstubbed)
0.857143;True;clear;org.mockito.internal.debugging.WarningsFinder%find#0@0$(25,47, findingsListener)
0.833333;True;clear;org.mockito.internal.util.junit.JUnitFailureHacker%isEmpty#1@2$(29,(29,29), warnings)
0.714286;True;clear;org.mockito.internal.util.junit.JUnitFailureHacker%appendWarnings#0@0$(14,(14,15), this)
0.714286;True;clear;org.mockito.internal.util.junit.JUnitFailureHacker%appendWarnings#0@4$(14,(14,15), warnings)
0.700000;False;clear;org.mockito.internal.invocation.UnusedStubsFinder%find#0@0$(23,33, unused)
0.700000;False;clear;org.mockito.internal.debugging.WarningsFinder%find#0@3$(25,42, unusedStubs)
0.700000;False;clear;org.mockito.internal.debugging.WarningsFinder%find#0@4$(26,46, allInvocations)
0.700000;False;clear;org.mockito.internal.debugging.WarningsFinder%find#0@7$(28,(29,42), unusedIterator)
0.666667;True;clear;org.mockito.internal.debugging.WarningsFinder%find#0@1$(25,43, findingsListener)
0.666667;False;clear;org.mockito.internal.debugging.WarningsFinder%find#0@13$(31,(32,33), unstubbedIterator)
0.666667;False;clear;org.mockito.internal.debugging.WarningsFinder%find#0@15$(31,33, unstubbedIterator)
0.636364;False;clear;org.mockito.internal.util.junit.JUnitFailureHacker%isEmpty#1@0$(29,(29,29), warnings)
0.500000;True;clear;org.mockito.internal.invocation.UnusedStubsFinder%find#0@1$(23,29, unused)
0.500000;True;clear;org.mockito.internal.invocation.UnusedStubsFinder%find#0@2$(27,(28,29), s)
0.500000;True;clear;org.mockito.internal.invocation.UnusedStubsFinder%find#0@4$(27,29, s)
0.500000;True;clear;org.mockito.internal.invocation.InvocationMatcher%isVariableArgument#6@3$(149,(150,152), invocation)
0.500000;True;clear;org.mockito.internal.invocation.InvocationMatcher%isVariableArgument#6@11$(149,(150,152), position)
0.500000;True;clear;org.mockito.internal.debugging.WarningsFinder%find#0@2$(25,35, findingsListener)
0.500000;False;clear;org.mockito.internal.debugging.WarningsFinder%find#0@5$(26,31, allInvocations)
0.500000;False;clear;org.mockito.internal.debugging.WarningsFinder%find#0@6$(28,(29,30), unusedIterator)
0.500000;False;clear;org.mockito.internal.debugging.WarningsFinder%find#0@8$(28,30, unusedIterator)
0.500000;True;clear;org.mockito.internal.debugging.WarningsFinder%find#0@9$(28,36, unusedIterator)
0.500000;True;clear;org.mockito.internal.debugging.WarningsFinder%find#0@10$(30,(34,35), unused)
0.500000;True;clear;org.mockito.internal.debugging.WarningsFinder%find#0@12$(30,35, unused)
0.500000;False;clear;org.mockito.internal.debugging.WarningsFinder%find#0@14$(31,(32,40), unstubbedIterator)
0.500000;True;clear;org.mockito.internal.debugging.WarningsFinder%find#0@16$(31,37, unstubbedIterator)
0.500000;True;clear;org.mockito.internal.debugging.WarningsFinder%find#0@17$(33,(34,35), unstubbed)
0.500000;True;clear;org.mockito.internal.debugging.WarningsFinder%find#0@19$(33,35, unstubbed)
0.500000;True;clear;org.mockito.internal.stubbing.StubbedInvocationMatcher%wasUsed#1@1$(46,(46,46), this)
0.500000;True;clear;org.mockito.internal.stubbing.StubbedInvocationMatcher%wasUsed#1@3$(46,(46,46), this.usedAt)
0.500000;True;clear;org.mockito.internal.matchers.Equality%areEqual#0@3$(13,(15,16), o1)
0.500000;False;clear;org.mockito.internal.matchers.Equality%areEqual#0@4$(13,(16,16), o1)
0.500000;True;clear;org.mockito.internal.matchers.Equality%areEqual#0@14$(13,(16,16), o2)
0.400000;True;clear;org.mockito.internal.util.junit.JUnitFailureHacker%isEmpty#1@3$(29,(29,29), warnings)
0.400000;True;clear;org.mockito.internal.util.junit.JUnitFailureHacker%appendWarnings#0@1$(14,(14,18), this)
0.400000;True;clear;org.mockito.internal.util.junit.JUnitFailureHacker%appendWarnings#0@2$(14,18, failure)
0.400000;True;clear;org.mockito.internal.util.junit.JUnitFailureHacker%appendWarnings#0@3$(14,25, failure)
0.400000;True;clear;org.mockito.internal.util.junit.JUnitFailureHacker%appendWarnings#0@5$(14,(14,18), warnings)
0.400000;True;clear;org.mockito.internal.util.junit.JUnitFailureHacker%appendWarnings#0@6$(14,20, warnings)
0.241379;True;clear;org.mockito.internal.invocation.ArgumentsProcessor%argumentsToMatchers#1@4$(43,(44,47), arg)
0.142857;True;clear;org.mockito.internal.invocation.InvocationMatcher%hasSimilarMethod#2@4$(79,(91,91), this)
0.142857;True;clear;org.mockito.internal.invocation.InvocationMatcher%hasSimilarMethod#2@11$(79,(91,91), candidate)
0.117647;True;clear;org.mockito.internal.invocation.InvocationMatcher%hasSimilarMethod#2@13$(82,(87,88), methodNameEquals)
0.111111;False;clear;org.mockito.internal.invocation.InvocationMatcher%hasSimilarMethod#2@18$(85,(91,91), methodEquals)
0.051471;False;clear;org.mockito.internal.invocation.finder.AllInvocationsFinder%find#0@0$(23,30, invocationsInOrder)
0.051471;True;clear;org.mockito.internal.invocation.finder.AllInvocationsFinder%find#0@1$(23,27, invocationsInOrder)
0.050000;False;clear;org.mockito.internal.invocation.InvocationMatcher%hasSameMethod#3@12$(104,(108,109), params1)
0.050000;False;clear;org.mockito.internal.invocation.InvocationMatcher%hasSameMethod#3@16$(105,(108,109), params2)
0.050000;True;clear;org.mockito.internal.invocation.InvocationMatcher%hasSameMethod#3@20$(107,(108,109), i)
0.049645;True;clear;org.mockito.internal.matchers.LocalizedMatcher%captureFrom#2@1$(62,(62,65), this)
0.049645;True;clear;org.mockito.internal.matchers.LocalizedMatcher%captureFrom#2@5$(62,(62,65), this.actualMatcher)
0.047945;True;clear;org.mockito.internal.invocation.InvocationMatcher%captureArgumentsFrom#4@23$(122,(126,134), position)
0.047619;False;clear;org.mockito.internal.invocation.InvocationMatcher%captureArgumentsFrom#4@4$(122,(126,134), this)
0.047619;False;clear;org.mockito.internal.invocation.InvocationMatcher%captureArgumentsFrom#4@10$(122,(126,134), invocation)
0.046512;True;clear;org.mockito.internal.util.reflection.Whitebox%getFieldFromHierarchy#0@7$(34,(35,39), f)
0.046512;True;clear;org.mockito.internal.util.reflection.Whitebox%getFieldFromHierarchy#0@9$(34,(39,45), f)
0.046512;True;clear;org.mockito.internal.util.reflection.Whitebox%getFieldFromHierarchy#0@10$(34,45, f)
0.046053;False;clear;org.mockito.internal.invocation.InvocationMatcher%captureArgumentsFrom#4@24$(122,134, position)
0.045752;False;clear;org.mockito.internal.invocation.InvocationMatcher%captureArgumentsFrom#4@11$(122,134, invocation)
0.045752;False;clear;org.mockito.internal.invocation.InvocationMatcher%captureArgumentsFrom#4@28$(123,134, m)
0.043478;False;clear;org.mockito.internal.stubbing.answers.MethodInfo%isValidReturnType#1@0$(38,(38,38), this)
0.043478;True;clear;org.mockito.internal.stubbing.answers.MethodInfo%isValidReturnType#1@4$(38,41, this)
0.043478;True;clear;org.mockito.internal.stubbing.answers.MethodInfo%isValidReturnType#1@8$(38,(38,41), clazz)
0.043478;True;clear;org.mockito.internal.stubbing.answers.MethodInfo%isValidReturnType#1@9$(38,41, clazz)
0.043478;False;clear;org.mockito.internal.stubbing.answers.MethodInfo%isValidReturnType#1@10$(38,(38,38), this.method)
0.043478;True;clear;org.mockito.internal.stubbing.answers.MethodInfo%isValidReturnType#1@14$(38,41, this.method)
0.043478;False;clear;org.mockito.internal.invocation.InvocationMatcher%captureArgumentsFrom#4@20$(122,(124,126), position)
0.043210;False;clear;org.mockito.internal.invocation.InvocationMatcher%isVariableArgument#6@0$(149,(149,149), invocation)
0.043210;False;clear;org.mockito.internal.invocation.InvocationMatcher%isVariableArgument#6@8$(149,(149,149), position)
0.042945;False;clear;org.mockito.internal.invocation.InvocationMatcher%captureArgumentsFrom#4@7$(122,(124,126), invocation)
0.042945;False;clear;org.mockito.internal.invocation.InvocationMatcher%captureArgumentsFrom#4@26$(123,(124,124), m)
0.038462;True;clear;org.mockito.internal.invocation.InvocationMatcher%isVariableArgument#6@5$(149,(151,152), invocation)
0.038462;True;clear;org.mockito.internal.invocation.InvocationMatcher%isVariableArgument#6@13$(149,(151,152), position)
0.036082;False;clear;org.mockito.internal.invocation.MatchersBinder%validateMatchers#0@0$(31,33, invocation)
0.036082;False;clear;org.mockito.internal.invocation.MatchersBinder%validateMatchers#0@1$(31,(31,32), lastMatchers)
0.036082;False;clear;org.mockito.internal.invocation.MatchersBinder%validateMatchers#0@3$(31,32, lastMatchers)
0.036082;True;clear;org.mockito.internal.invocation.MatchersBinder%validateMatchers#0@6$(32,(34,38), recordedMatchersSize)
0.036082;True;clear;org.mockito.internal.invocation.MatchersBinder%validateMatchers#0@8$(33,(34,38), expectedMatchersSize)
0.035897;True;clear;org.mockito.internal.stubbing.answers.AnswersValidator%validateReturnValue#4@4$(64,(68,72), answer)
0.035897;False;clear;org.mockito.internal.stubbing.answers.AnswersValidator%validateReturnValue#4@5$(64,(72,72), answer)
0.035897;True;clear;org.mockito.internal.stubbing.answers.AnswersValidator%validateReturnValue#4@8$(64,(72,75), answer)
0.035897;True;clear;org.mockito.internal.stubbing.answers.AnswersValidator%validateReturnValue#4@13$(64,(72,75), methodInfo)
0.035533;True;clear;org.mockito.internal.progress.ArgumentMatcherStorageImpl%pullLocalizedMatchers#0@1$(40,(40,44), this)
0.035533;True;clear;org.mockito.internal.progress.ArgumentMatcherStorageImpl%pullLocalizedMatchers#0@2$(40,44, this)
0.035533;True;clear;org.mockito.internal.progress.ArgumentMatcherStorageImpl%pullLocalizedMatchers#0@3$(40,45, this)
0.035533;True;clear;org.mockito.internal.progress.ArgumentMatcherStorageImpl%pullLocalizedMatchers#0@5$(40,(40,44), this.matcherStack)
0.035533;True;clear;org.mockito.internal.progress.ArgumentMatcherStorageImpl%pullLocalizedMatchers#0@6$(40,44, this.matcherStack)
0.035533;True;clear;org.mockito.internal.progress.ArgumentMatcherStorageImpl%pullLocalizedMatchers#0@7$(40,45, this.matcherStack)
0.035176;True;clear;org.mockito.internal.stubbing.answers.Returns%returnsNull#0@1$(34,(34,34), this)
0.035176;True;clear;org.mockito.internal.stubbing.answers.Returns%returnsNull#0@3$(34,(34,34), this.value)
0.035000;True;clear;org.mockito.internal.stubbing.answers.AnswersValidator%validateReturnValue#4@11$(64,(64,68), methodInfo)
0.035000;True;clear;org.mockito.internal.stubbing.answers.AnswersValidator%validate#0@3$(16,22, this)
0.035000;True;clear;org.mockito.internal.stubbing.answers.AnswersValidator%validate#0@7$(16,(21,22), answer)
0.035000;True;clear;org.mockito.internal.stubbing.answers.AnswersValidator%validate#0@18$(16,22, answer)
0.035000;True;clear;org.mockito.internal.stubbing.answers.AnswersValidator%validate#0@23$(16,22, methodInfo)
0.034146;True;clear;org.mockito.internal.stubbing.StubbedInvocationMatcher%answer#0@0$(31,(32,32), this)
0.034146;True;clear;org.mockito.internal.stubbing.StubbedInvocationMatcher%answer#0@4$(31,(32,32), this.answers)
0.033898;True;clear;org.mockito.internal.invocation.InvocationMatcher%hasSimilarMethod#2@5$(79,(83,83), candidate)
0.033654;True;clear;org.mockito.internal.stubbing.answers.MethodInfo%isVoid#2@1$(46,(46,46), this)
0.033654;True;clear;org.mockito.internal.stubbing.answers.MethodInfo%isVoid#2@3$(46,(46,46), TYPE)
0.033654;True;clear;org.mockito.internal.stubbing.answers.MethodInfo%isVoid#2@5$(46,(46,46), this.method)
0.033493;True;clear;org.mockito.internal.stubbing.OngoingStubbingImpl%thenAnswer#0@1$(24,(24,28), this)
0.033493;False;clear;org.mockito.internal.stubbing.OngoingStubbingImpl%thenAnswer#0@2$(24,28, this)
0.033493;False;clear;org.mockito.internal.stubbing.OngoingStubbingImpl%thenAnswer#0@3$(24,29, this)
0.033493;False;clear;org.mockito.internal.stubbing.OngoingStubbingImpl%thenAnswer#0@4$(24,28, answer)
0.033493;True;clear;org.mockito.internal.stubbing.OngoingStubbingImpl%thenAnswer#0@6$(24,(24,28), this.invocationContainerImpl)
0.033493;False;clear;org.mockito.internal.stubbing.OngoingStubbingImpl%thenAnswer#0@7$(24,28, this.invocationContainerImpl)
0.033493;False;clear;org.mockito.internal.stubbing.OngoingStubbingImpl%thenAnswer#0@8$(24,29, this.invocationContainerImpl)
0.033333;True;clear;org.mockito.internal.invocation.InvocationMatcher%hasSimilarMethod#2@0$(79,(84,84), this)
0.033333;True;clear;org.mockito.internal.invocation.InvocationMatcher%hasSimilarMethod#2@7$(79,(84,84), candidate)
0.033333;True;clear;org.mockito.internal.handler.MockHandlerImpl%handle#0@18$(48,90, invocation)
0.033333;True;clear;org.mockito.internal.handler.MockHandlerImpl%handle#0@19$(48,91, invocation)
0.033333;True;clear;org.mockito.internal.handler.MockHandlerImpl%handle#0@49$(87,(89,90), stubbedInvocation)
0.033333;True;clear;org.mockito.internal.handler.MockHandlerImpl%handle#0@51$(87,90, stubbedInvocation)
0.033333;True;clear;org.mockito.internal.handler.MockHandlerImpl%handle#0@52$(87,91, stubbedInvocation)
0.033019;False;clear;org.mockito.internal.stubbing.StubbedInvocationMatcher%answer#0@2$(31,32, this)
0.033019;False;clear;org.mockito.internal.stubbing.StubbedInvocationMatcher%answer#0@3$(31,34, invocation)
0.033019;False;clear;org.mockito.internal.stubbing.StubbedInvocationMatcher%answer#0@6$(31,32, this.answers)
0.032258;True;clear;org.mockito.internal.util.ObjectMethodsGuru%isToString#0@3$(22,(23,24), method)
0.032258;False;clear;org.mockito.internal.invocation.InvocationMatcher%isVariableArgument#6@2$(149,(150,150), invocation)
0.032258;False;clear;org.mockito.internal.invocation.InvocationMatcher%isVariableArgument#6@10$(149,(150,150), position)
0.031746;False;clear;org.mockito.internal.invocation.InvocationMatcher%hasSimilarMethod#2@2$(79,85, this)
0.031746;False;clear;org.mockito.internal.invocation.InvocationMatcher%hasSimilarMethod#2@9$(79,85, candidate)
0.031674;True;clear;org.mockito.internal.stubbing.InvocationContainerImpl%hasInvocationForPotentialStubbing#3@0$(103,(103,103), this)
0.031674;True;clear;org.mockito.internal.stubbing.InvocationContainerImpl%hasInvocationForPotentialStubbing#3@2$(103,(103,103), this.registeredInvocations)
0.030702;True;clear;org.mockito.internal.verification.DefaultRegisteredInvocations%removeLast#0@0$(31,(32,33), this)
0.030702;True;clear;org.mockito.internal.verification.DefaultRegisteredInvocations%removeLast#0@2$(31,33, this)
0.030702;True;clear;org.mockito.internal.verification.DefaultRegisteredInvocations%removeLast#0@3$(31,(32,33), this.invocations)
0.030702;True;clear;org.mockito.internal.verification.DefaultRegisteredInvocations%removeLast#0@5$(31,33, this.invocations)
0.030702;True;clear;org.mockito.internal.MockitoCore%stub#1@5$(65,(66,70), stubbing)
0.030702;False;clear;org.mockito.internal.MockitoCore%stub#1@6$(65,70, stubbing)
0.028807;True;clear;org.mockito.internal.stubbing.InvocationContainerImpl%findAnswerFor#1@0$(77,(79,80), invocation)
0.028807;True;clear;org.mockito.internal.stubbing.InvocationContainerImpl%findAnswerFor#1@2$(77,80, invocation)
0.028807;True;clear;org.mockito.internal.stubbing.InvocationContainerImpl%findAnswerFor#1@3$(77,81, invocation)
0.028807;True;clear;org.mockito.internal.stubbing.InvocationContainerImpl%findAnswerFor#1@4$(78,(79,80), s)
0.028807;True;clear;org.mockito.internal.stubbing.InvocationContainerImpl%findAnswerFor#1@6$(78,80, s)
0.028807;True;clear;org.mockito.internal.stubbing.InvocationContainerImpl%findAnswerFor#1@7$(78,81, s)
0.028807;True;clear;org.mockito.internal.stubbing.InvocationContainerImpl%findAnswerFor#1@8$(78,82, s)
0.027888;True;clear;org.mockito.internal.stubbing.answers.AnswersValidator%validate#0@6$(16,(17,21), answer)
0.025735;True;clear;org.mockito.internal.invocation.InvocationMatcher%<init>#0@0$(31,36, this)
0.025735;True;clear;org.mockito.internal.invocation.InvocationMatcher%<init>#0@4$(31,(33,36), matchers)
0.025735;True;clear;org.mockito.internal.invocation.InvocationMatcher%<init>#0@5$(31,36, matchers)
0.025180;True;clear;org.mockito.internal.stubbing.answers.AnswersValidator%validate#0@12$(16,(29,33), answer)
0.025090;True;clear;org.mockito.internal.stubbing.InvocationContainerImpl%addAnswer#0@0$(58,67, this)
0.025090;True;clear;org.mockito.internal.stubbing.InvocationContainerImpl%addAnswer#0@1$(58,67, this)
0.025090;True;clear;org.mockito.internal.stubbing.InvocationContainerImpl%addAnswer#0@3$(58,67, answer)
0.025090;True;clear;org.mockito.internal.stubbing.InvocationContainerImpl%addAnswer#0@6$(58,(64,67), isConsecutive)
0.025090;True;clear;org.mockito.internal.stubbing.InvocationContainerImpl%addAnswer#0@7$(58,67, this.invocationForStubbing)
0.025090;True;clear;org.mockito.internal.stubbing.InvocationContainerImpl%addAnswer#0@8$(58,67, this.stubbed)
0.024735;True;clear;org.mockito.internal.stubbing.answers.AnswersValidator%validate#0@10$(16,(25,29), answer)
0.024648;True;clear;org.mockito.internal.stubbing.answers.AnswersValidator%validate#0@14$(16,(33,37), answer)
0.022727;True;clear;org.mockito.internal.invocation.InvocationMatcher%hasSimilarMethod#2@20$(91,(93,93), overloadedButSameArgs)
0.022222;False;clear;org.mockito.internal.util.ObjectMethodsGuru%isToString#0@0$(22,(22,22), method)
0.021739;False;clear;org.mockito.internal.invocation.InvocationMatcher%hasSimilarMethod#2@17$(84,(87,91), mockIsTheSame)
0.021739;True;clear;org.mockito.internal.invocation.InvocationMatcher%captureArgumentsFrom#4@44$(122,(122,138), position)
0.021341;False;clear;org.mockito.internal.invocation.InvocationMatcher%captureArgumentsFrom#4@19$(122,122, position)
0.021053;True;clear;org.mockito.internal.invocation.InvocationImpl%isVerified#0@3$(70,(70,70), this)
0.021053;True;clear;org.mockito.internal.invocation.InvocationImpl%isVerified#0@7$(70,(70,70), this.isIgnoredForVerification)
0.020833;False;clear;org.mockito.internal.invocation.InvocationImpl%isVerified#0@0$(70,(70,70), this)
0.020833;False;clear;org.mockito.internal.invocation.InvocationImpl%isVerified#0@4$(70,(70,70), this.verified)
0.020772;False;clear;org.mockito.internal.invocation.InvocationMatcher%captureArgumentsFrom#4@0$(122,(122,123), this)
0.020772;False;clear;org.mockito.internal.invocation.InvocationMatcher%captureArgumentsFrom#4@2$(122,123, this)
0.020772;False;clear;org.mockito.internal.invocation.InvocationMatcher%captureArgumentsFrom#4@13$(122,(122,123), this.matchers)
0.020772;False;clear;org.mockito.internal.invocation.InvocationMatcher%captureArgumentsFrom#4@15$(122,123, this.matchers)
0.020772;False;clear;org.mockito.internal.invocation.InvocationMatcher%captureArgumentsFrom#4@16$(122,(122,123), position)
0.020772;False;clear;org.mockito.internal.invocation.InvocationMatcher%captureArgumentsFrom#4@18$(122,123, position)
0.020408;False;clear;org.mockito.internal.invocation.InvocationMatcher%hasSimilarMethod#2@14$(83,(87,87), isUnverified)
0.020349;True;clear;org.mockito.internal.invocation.ArgumentsComparator%argumentsMatch#1@16$(25,(25,30), i)
0.020173;False;clear;org.mockito.internal.invocation.ArgumentsComparator%argumentsMatch#1@3$(22,(26,25), invocationMatcher)
0.020173;False;clear;org.mockito.internal.invocation.ArgumentsComparator%argumentsMatch#1@9$(22,(26,25), actualArgs)
0.020173;False;clear;org.mockito.internal.invocation.ArgumentsComparator%argumentsMatch#1@13$(25,(26,25), i)
0.020173;False;clear;org.mockito.internal.invocation.ArgumentsComparator%argumentsMatch#1@14$(25,25, i)
0.019608;True;clear;org.mockito.internal.handler.NullResultGuardian%handle#0@1$(29,(31,35), result)
0.018868;False;clear;org.mockito.internal.invocation.InvocationMatcher%hasSimilarMethod#2@12$(82,(87,87), methodNameEquals)
0.018868;True;clear;org.mockito.internal.handler.NullResultGuardian%handle#0@4$(30,(31,35), returnType)
0.018519;False;clear;org.mockito.internal.invocation.ArgumentsComparator%argumentsMatch#1@6$(22,(25,26), actualArgs)
0.018519;False;clear;org.mockito.internal.invocation.ArgumentsComparator%argumentsMatch#1@10$(25,(25,26), i)
0.018229;False;clear;org.mockito.internal.invocation.InvocationMatcher%hasSameMethod#3@13$(104,(108,107), params1)
0.018229;False;clear;org.mockito.internal.invocation.InvocationMatcher%hasSameMethod#3@17$(105,(108,107), params2)
0.018229;False;clear;org.mockito.internal.invocation.InvocationMatcher%hasSameMethod#3@21$(107,(108,107), i)
0.018229;False;clear;org.mockito.internal.invocation.InvocationMatcher%hasSameMethod#3@22$(107,107, i)
0.018229;True;clear;org.mockito.internal.invocation.InvocationMatcher%hasSameMethod#3@24$(107,(107,111), i)
0.017995;False;clear;org.mockito.internal.invocation.InvocationMatcher%hasSameMethod#3@10$(104,(107,108), params1)
0.017995;False;clear;org.mockito.internal.invocation.InvocationMatcher%hasSameMethod#3@18$(107,(107,108), i)
0.017157;True;clear;org.mockito.internal.util.collections.ListUtil%filter#0@0$(14,(16,17), filter)
0.017157;True;clear;org.mockito.internal.util.collections.ListUtil%filter#0@3$(14,17, filtered)
0.017157;True;clear;org.mockito.internal.util.collections.ListUtil%filter#0@4$(15,(16,17), t)
0.017157;True;clear;org.mockito.internal.util.collections.ListUtil%filter#0@6$(15,17, t)
0.015695;False;clear;org.mockito.internal.invocation.InvocationMatcher%captureArgumentsFrom#4@1$(122,(122,138), this)
0.015695;False;clear;org.mockito.internal.invocation.InvocationMatcher%captureArgumentsFrom#4@14$(122,(122,138), this.matchers)
0.015590;False;clear;org.mockito.internal.util.collections.ListUtil%filter#0@2$(14,20, filtered)
0.014862;True;clear;org.mockito.internal.invocation.ArgumentsComparator%argumentsMatch#0@1$(17,(18,18), this)
0.014862;True;clear;org.mockito.internal.invocation.ArgumentsComparator%argumentsMatch#0@5$(17,(18,18), invocationMatcher)
0.014862;True;clear;org.mockito.internal.invocation.ArgumentsComparator%argumentsMatch#0@11$(17,(18,18), actualArgs)
0.014799;False;clear;org.mockito.internal.invocation.ArgumentsComparator%argumentsMatch#1@7$(22,(25,30), actualArgs)
0.014706;False;clear;org.mockito.internal.invocation.ArgumentsProcessor%argumentsToMatchers#1@1$(42,47, matchers)
0.014706;False;clear;org.mockito.internal.invocation.ArgumentsProcessor%argumentsToMatchers#1@5$(43,47, arg)
0.014644;True;clear;org.mockito.internal.invocation.InvocationMatcher%matches#1@4$(61,(63,63), this)
0.014644;True;clear;org.mockito.internal.invocation.InvocationMatcher%matches#1@10$(61,(63,63), actual)
0.014141;True;clear;org.mockito.internal.util.MockUtil%getMockHandler#2@0$(52,(56,57), this)
0.014141;True;clear;org.mockito.internal.util.MockUtil%getMockHandler#2@4$(52,(56,57), mock)
0.014141;True;clear;org.mockito.internal.util.MockUtil%getMockHandler#2@7$(52,57, mock)
0.014141;True;clear;org.mockito.internal.util.MockUtil%getMockHandler#2@8$(52,57, mockMaker)
0.013944;False;clear;org.mockito.internal.util.MockUtil%getMockHandler#2@3$(52,(52,56), mock)
0.013834;False;clear;org.mockito.internal.invocation.ArgumentsComparator%argumentsMatch#1@1$(22,(22,25), invocationMatcher)
0.013834;False;clear;org.mockito.internal.invocation.ArgumentsComparator%argumentsMatch#1@5$(22,(22,25), actualArgs)
0.013780;True;clear;org.mockito.internal.progress.MockingProgressImpl%mockingStarted#3@0$(113,(113,114), this)
0.013780;True;clear;org.mockito.internal.progress.MockingProgressImpl%mockingStarted#3@3$(113,114, this)
0.013780;True;clear;org.mockito.internal.progress.MockingProgressImpl%mockingStarted#3@4$(113,114, mock)
0.013780;True;clear;org.mockito.internal.progress.MockingProgressImpl%mockingStarted#3@5$(113,114, classToMock)
0.013780;True;clear;org.mockito.internal.progress.MockingProgressImpl%mockingStarted#3@6$(113,(113,114), this.listener)
0.013780;True;clear;org.mockito.internal.progress.MockingProgressImpl%mockingStarted#3@8$(113,114, this.listener)
0.013725;False;clear;org.mockito.internal.invocation.InvocationMatcher%matches#1@2$(61,(62,62), this)
0.013725;False;clear;org.mockito.internal.invocation.InvocationMatcher%matches#1@8$(61,(62,62), actual)
0.013592;False;clear;org.mockito.internal.invocation.InvocationMatcher%hasSameMethod#3@11$(104,(107,111), params1)
0.013462;False;clear;org.mockito.internal.invocation.InvocationMatcher%hasSameMethod#3@8$(104,(106,107), params1)
0.013462;False;clear;org.mockito.internal.invocation.InvocationMatcher%hasSameMethod#3@14$(105,(106,107), params2)
0.013384;False;clear;org.mockito.internal.invocation.InvocationMatcher%hasSameMethod#3@2$(99,(102,104), m1)
0.013384;False;clear;org.mockito.internal.invocation.InvocationMatcher%hasSameMethod#3@4$(99,104, m1)
0.013384;False;clear;org.mockito.internal.invocation.InvocationMatcher%hasSameMethod#3@5$(100,(102,104), m2)
0.013384;False;clear;org.mockito.internal.invocation.InvocationMatcher%hasSameMethod#3@7$(100,105, m2)
0.012658;False;clear;org.mockito.internal.handler.NullResultGuardian%handle#0@2$(29,35, result)
0.012346;False;clear;org.mockito.internal.invocation.InvocationMatcher%matches#1@0$(61,(61,61), this)
0.012346;False;clear;org.mockito.internal.invocation.InvocationMatcher%matches#1@6$(61,(61,61), actual)
0.012346;False;clear;org.mockito.internal.invocation.InvocationMatcher%matches#1@12$(61,(61,61), this.invocation)
0.012195;False;clear;org.mockito.internal.invocation.InvocationMatcher%hasSameMethod#3@0$(99,(102,102), m1)
0.011905;True;clear;org.mockito.internal.creation.cglib.MethodInterceptorFilter%intercept#0@14$(44,(45,45), proxy)
0.011905;True;clear;org.mockito.internal.creation.cglib.MethodInterceptorFilter%intercept#0@24$(44,(45,45), args)
0.011804;False;clear;org.mockito.internal.creation.cglib.MethodInterceptorFilter%intercept#0@0$(44,(44,45), this)
0.011804;False;clear;org.mockito.internal.creation.cglib.MethodInterceptorFilter%intercept#0@16$(44,(44,45), method)
0.011804;False;clear;org.mockito.internal.creation.cglib.MethodInterceptorFilter%intercept#0@28$(44,(44,45), this.objectMethodsGuru)
0.011785;False;clear;org.mockito.internal.util.ObjectMethodsGuru%isEqualsMethod#1@0$(28,(28,28), method)
0.011785;False;clear;org.mockito.internal.util.ObjectMethodsGuru%isEqualsMethod#1@2$(28,(29,29), method)
0.011785;True;clear;org.mockito.internal.util.ObjectMethodsGuru%isEqualsMethod#1@4$(28,(30,30), method)
0.011667;True;clear;org.mockito.internal.creation.cglib.CglibMockMaker%getHandler#1@4$(45,(46,49), callback)
0.011667;True;clear;org.mockito.internal.creation.cglib.CglibMockMaker%getHandler#1@5$(45,49, callback)
0.011667;True;clear;org.mockito.internal.util.MockUtil%isMockitoMock#4@0$(74,(74,74), mock)
0.011667;True;clear;org.mockito.internal.util.MockUtil%isMockitoMock#4@2$(74,(74,74), mockMaker)
0.011647;False;clear;org.mockito.internal.creation.cglib.CglibMockMaker%getHandler#1@1$(41,(41,44), mock)
0.011647;False;clear;org.mockito.internal.creation.cglib.CglibMockMaker%getHandler#1@2$(41,44, mock)
0.011299;True;clear;org.mockito.internal.invocation.InvocationMatcher%hasSameMethod#3@3$(99,(102,114), m1)
0.011299;True;clear;org.mockito.internal.invocation.InvocationMatcher%hasSameMethod#3@6$(100,(102,114), m2)
0.011254;True;clear;org.mockito.internal.util.MockNameImpl%toInstanceName#1@2$(32,(33,38), className)
0.011254;True;clear;org.mockito.internal.util.MockNameImpl%toInstanceName#1@3$(32,38, className)
0.011236;True;clear;org.mockito.internal.util.MockNameImpl%<init>#0@1$(18,20, this)
0.011236;True;clear;org.mockito.internal.util.MockNameImpl%<init>#0@2$(18,21, this)
0.011236;True;clear;org.mockito.internal.util.MockNameImpl%<init>#0@3$(18,(19,20), mockName)
0.011236;True;clear;org.mockito.internal.util.MockNameImpl%<init>#0@6$(18,20, classToMock)
0.011111;False;clear;org.mockito.internal.stubbing.defaultanswers.ReturnsEmptyValues%returnValueFor#1@15$(84,(100,102), type)
0.011111;False;clear;org.mockito.internal.stubbing.defaultanswers.ReturnsEmptyValues%returnValueFor#1@17$(84,(102,104), type)
0.011111;False;clear;org.mockito.internal.stubbing.defaultanswers.ReturnsEmptyValues%returnValueFor#1@19$(84,(104,106), type)
0.011111;False;clear;org.mockito.internal.stubbing.defaultanswers.ReturnsEmptyValues%returnValueFor#1@21$(84,(106,108), type)
0.011111;False;clear;org.mockito.internal.stubbing.defaultanswers.ReturnsEmptyValues%returnValueFor#1@23$(84,(108,110), type)
0.011111;False;clear;org.mockito.internal.stubbing.defaultanswers.ReturnsEmptyValues%returnValueFor#1@25$(84,(110,112), type)
0.011111;False;clear;org.mockito.internal.stubbing.defaultanswers.ReturnsEmptyValues%returnValueFor#1@27$(84,(112,114), type)
0.011111;True;clear;org.mockito.internal.stubbing.defaultanswers.ReturnsEmptyValues%returnValueFor#1@29$(84,(114,120), type)
0.011111;True;clear;org.mockito.internal.stubbing.InvocationContainerImpl%findAnswerFor#1@1$(77,(79,84), invocation)
0.011111;True;clear;org.mockito.internal.stubbing.InvocationContainerImpl%findAnswerFor#1@5$(78,(79,84), s)
0.011076;False;clear;org.mockito.internal.stubbing.defaultanswers.ReturnsEmptyValues%returnValueFor#1@1$(84,(84,88), type)
0.011076;False;clear;org.mockito.internal.stubbing.defaultanswers.ReturnsEmptyValues%returnValueFor#1@3$(84,(88,90), type)
0.011076;False;clear;org.mockito.internal.stubbing.defaultanswers.ReturnsEmptyValues%returnValueFor#1@5$(84,(90,92), type)
0.011076;False;clear;org.mockito.internal.stubbing.defaultanswers.ReturnsEmptyValues%returnValueFor#1@7$(84,(92,94), type)
0.011076;False;clear;org.mockito.internal.stubbing.defaultanswers.ReturnsEmptyValues%returnValueFor#1@9$(84,(94,96), type)
0.011076;False;clear;org.mockito.internal.stubbing.defaultanswers.ReturnsEmptyValues%returnValueFor#1@11$(84,(96,98), type)
0.011076;False;clear;org.mockito.internal.stubbing.defaultanswers.ReturnsEmptyValues%returnValueFor#1@13$(84,(98,100), type)
0.010753;True;clear;org.mockito.internal.invocation.ArgumentsProcessor%argumentsToMatchers#1@7$(43,(44,47), arg)
0.010638;False;clear;org.mockito.internal.invocation.ArgumentsProcessor%argumentsToMatchers#1@3$(43,(44,44), arg)
0.010363;True;clear;org.mockito.internal.exceptions.stacktrace.DefaultStackTraceCleaner%isOut#0@1$(10,(14,14), fromMockObject)
0.010309;True;clear;org.mockito.internal.invocation.InvocationMatcher%matches#1@3$(61,(62,63), this)
0.010309;True;clear;org.mockito.internal.invocation.InvocationMatcher%matches#1@9$(61,(62,63), actual)
0.010234;True;clear;org.mockito.internal.stubbing.defaultanswers.ReturnsEmptyValues%answer#0@3$(64,(72,79), this)
0.010234;True;clear;org.mockito.internal.stubbing.defaultanswers.ReturnsEmptyValues%answer#0@4$(64,80, this)
0.010234;True;clear;org.mockito.internal.stubbing.defaultanswers.ReturnsEmptyValues%answer#0@10$(64,(72,79), invocation)
0.010234;True;clear;org.mockito.internal.stubbing.defaultanswers.ReturnsEmptyValues%answer#0@11$(64,79, invocation)
0.010234;True;clear;org.mockito.internal.stubbing.defaultanswers.ReturnsEmptyValues%answer#0@18$(64,(72,79), this.methodsGuru)
0.010219;True;clear;org.mockito.internal.util.ObjectMethodsGuru%isCompareToMethod#3@1$(39,(39,42), method)
0.010189;False;clear;org.mockito.internal.handler.NullResultGuardian%handle#0@0$(29,(31,31), result)
0.010174;False;clear;org.mockito.internal.stubbing.defaultanswers.ReturnsEmptyValues%answer#0@1$(64,(64,72), this)
0.010174;False;clear;org.mockito.internal.stubbing.defaultanswers.ReturnsEmptyValues%answer#0@8$(64,(64,72), invocation)
0.010174;False;clear;org.mockito.internal.stubbing.defaultanswers.ReturnsEmptyValues%answer#0@16$(64,(64,72), this.methodsGuru)
0.009333;True;clear;org.mockito.internal.handler.MockHandlerImpl%handle#0@9$(48,93, this)
0.009333;True;clear;org.mockito.internal.handler.MockHandlerImpl%handle#0@10$(48,100, this)
0.009333;True;clear;org.mockito.internal.handler.MockHandlerImpl%handle#0@17$(48,93, invocation)
0.009333;True;clear;org.mockito.internal.handler.MockHandlerImpl%handle#0@28$(48,100, this.invocationContainerImpl)
0.009333;True;clear;org.mockito.internal.handler.MockHandlerImpl%handle#0@39$(48,93, this.mockSettings)
0.009333;True;clear;org.mockito.internal.handler.MockHandlerImpl%handle#0@47$(59,100, invocationMatcher)
0.009333;True;clear;org.mockito.internal.handler.MockHandlerImpl%handle#0@50$(87,(89,93), stubbedInvocation)
0.009150;False;clear;org.mockito.internal.handler.MockHandlerImpl%handle#0@5$(48,82, this)
0.009150;False;clear;org.mockito.internal.handler.MockHandlerImpl%handle#0@6$(48,83, this)
0.009150;False;clear;org.mockito.internal.handler.MockHandlerImpl%handle#0@7$(48,84, this)
0.009150;False;clear;org.mockito.internal.handler.MockHandlerImpl%handle#0@8$(48,87, this)
0.009150;False;clear;org.mockito.internal.handler.MockHandlerImpl%handle#0@16$(48,87, invocation)
0.009150;False;clear;org.mockito.internal.handler.MockHandlerImpl%handle#0@25$(48,82, this.invocationContainerImpl)
0.009150;False;clear;org.mockito.internal.handler.MockHandlerImpl%handle#0@26$(48,83, this.invocationContainerImpl)
0.009150;False;clear;org.mockito.internal.handler.MockHandlerImpl%handle#0@27$(48,87, this.invocationContainerImpl)
0.009150;False;clear;org.mockito.internal.handler.MockHandlerImpl%handle#0@36$(48,84, this.mockingProgress)
0.009150;True;clear;org.mockito.internal.handler.MockHandlerImpl%handle#0@41$(57,(67,82), verificationMode)
0.009150;False;clear;org.mockito.internal.handler.MockHandlerImpl%handle#0@46$(59,82, invocationMatcher)
0.009091;True;clear;org.mockito.internal.creation.cglib.CGLIBHacker%setMockitoNamingPolicy#0@2$(18,(21,27), createInfo)
0.009091;True;clear;org.mockito.internal.creation.cglib.CGLIBHacker%setMockitoNamingPolicy#0@5$(19,(21,27), namingPolicyField)
0.009091;False;clear;org.mockito.internal.handler.MockHandlerImpl%handle#0@1$(48,(48,57), this)
0.009091;False;clear;org.mockito.internal.handler.MockHandlerImpl%handle#0@2$(48,57, this)
0.009091;False;clear;org.mockito.internal.handler.MockHandlerImpl%handle#0@3$(48,59, this)
0.009091;False;clear;org.mockito.internal.handler.MockHandlerImpl%handle#0@4$(48,64, this)
0.009091;False;clear;org.mockito.internal.handler.MockHandlerImpl%handle#0@15$(48,59, invocation)
0.009091;False;clear;org.mockito.internal.handler.MockHandlerImpl%handle#0@24$(48,(48,57), this.invocationContainerImpl)
0.009091;False;clear;org.mockito.internal.handler.MockHandlerImpl%handle#0@31$(48,59, this.matchersBinder)
0.009091;False;clear;org.mockito.internal.handler.MockHandlerImpl%handle#0@33$(48,57, this.mockingProgress)
0.009091;False;clear;org.mockito.internal.handler.MockHandlerImpl%handle#0@34$(48,59, this.mockingProgress)
0.009091;False;clear;org.mockito.internal.handler.MockHandlerImpl%handle#0@35$(48,64, this.mockingProgress)
0.009056;True;clear;org.mockito.internal.creation.cglib.AcrossJVMSerializationFeature%isWriteReplace#0@1$(64,(64,66), method)
0.008974;True;clear;org.mockito.internal.creation.cglib.MethodInterceptorFilter%intercept#0@5$(44,(48,52), this)
0.008974;True;clear;org.mockito.internal.creation.cglib.MethodInterceptorFilter%intercept#0@6$(44,52, this)
0.008974;True;clear;org.mockito.internal.creation.cglib.MethodInterceptorFilter%intercept#0@7$(44,55, this)
0.008974;True;clear;org.mockito.internal.creation.cglib.MethodInterceptorFilter%intercept#0@8$(44,59, this)
0.008974;True;clear;org.mockito.internal.creation.cglib.MethodInterceptorFilter%intercept#0@11$(44,58, proxy)
0.008974;True;clear;org.mockito.internal.creation.cglib.MethodInterceptorFilter%intercept#0@21$(44,(48,52), method)
0.008974;True;clear;org.mockito.internal.creation.cglib.MethodInterceptorFilter%intercept#0@22$(44,55, method)
0.008974;True;clear;org.mockito.internal.creation.cglib.MethodInterceptorFilter%intercept#0@23$(44,58, args)
0.008974;True;clear;org.mockito.internal.creation.cglib.MethodInterceptorFilter%intercept#0@26$(44,52, methodProxy)
0.008974;True;clear;org.mockito.internal.creation.cglib.MethodInterceptorFilter%intercept#0@27$(44,53, methodProxy)
0.008974;True;clear;org.mockito.internal.creation.cglib.MethodInterceptorFilter%intercept#0@33$(44,(48,52), this.acrossJVMSerializationFeature)
0.008974;True;clear;org.mockito.internal.creation.cglib.MethodInterceptorFilter%intercept#0@35$(44,59, this.handler)
0.008963;False;clear;org.mockito.internal.creation.cglib.MethodInterceptorFilter%intercept#0@3$(44,(46,48), this)
0.008963;False;clear;org.mockito.internal.creation.cglib.MethodInterceptorFilter%intercept#0@19$(44,(46,48), method)
0.008963;False;clear;org.mockito.internal.creation.cglib.MethodInterceptorFilter%intercept#0@31$(44,(46,48), this.objectMethodsGuru)
0.008951;False;clear;org.mockito.internal.creation.cglib.MethodInterceptorFilter%intercept#0@1$(44,(44,46), this)
0.008951;False;clear;org.mockito.internal.creation.cglib.MethodInterceptorFilter%intercept#0@17$(44,(44,46), method)
0.008951;False;clear;org.mockito.internal.creation.cglib.MethodInterceptorFilter%intercept#0@29$(44,(44,46), this.objectMethodsGuru)
0.008929;True;clear;org.mockito.internal.creation.cglib.MethodInterceptorFilter%createMockitoMethodProxy#1@1$(71,(71,73), this)
0.008929;True;clear;org.mockito.internal.creation.cglib.MethodInterceptorFilter%createMockitoMethodProxy#1@2$(71,73, methodProxy)
0.008929;True;clear;org.mockito.internal.creation.cglib.MethodInterceptorFilter%createMockitoMethodProxy#1@5$(71,(71,73), this.mockSettings)
0.008929;True;clear;org.mockito.internal.creation.cglib.MethodInterceptorFilter%createMockitoMethod#2@1$(77,(77,80), this)
0.008929;True;clear;org.mockito.internal.creation.cglib.MethodInterceptorFilter%createMockitoMethod#2@2$(77,80, method)
0.008929;True;clear;org.mockito.internal.creation.cglib.MethodInterceptorFilter%createMockitoMethod#2@5$(77,(77,80), this.mockSettings)
0.008917;True;clear;org.mockito.internal.progress.MockingProgressImpl%pullVerificationMode#0@0$(53,(53,54), this)
0.008917;True;clear;org.mockito.internal.progress.MockingProgressImpl%pullVerificationMode#0@4$(53,(53,54), this.verificationMode)
0.008794;True;clear;org.mockito.internal.invocation.MatchersBinder%validateMatchers#0@2$(31,(31,38), lastMatchers)
0.008794;True;clear;org.mockito.internal.progress.ArgumentMatcherStorageImpl%pullLocalizedMatchers#0@0$(40,(40,41), this)
0.008794;True;clear;org.mockito.internal.progress.ArgumentMatcherStorageImpl%pullLocalizedMatchers#0@4$(40,(40,41), this.matcherStack)
0.008772;True;clear;org.mockito.internal.stubbing.InvocationContainerImpl%hasAnswersForStubbing#2@1$(99,(99,99), this)
0.008772;True;clear;org.mockito.internal.stubbing.InvocationContainerImpl%hasAnswersForStubbing#2@3$(99,(99,99), this.answersForStubbing)
0.008674;True;clear;org.mockito.internal.creation.cglib.CGLIBHacker%reflectOnCreateInfo#1@2$(33,(37,40), cglibMethodProxyClass)
0.008674;True;clear;org.mockito.internal.creation.cglib.CGLIBHacker%reflectOnCreateInfo#1@3$(33,40, cglibMethodProxyClass)
0.008663;True;clear;org.mockito.internal.util.ObjectMethodsGuru%isHashCodeMethod#2@1$(34,(34,35), method)
0.008653;True;clear;org.mockito.internal.util.ObjectMethodsGuru%isEqualsMethod#1@1$(28,(28,30), method)
0.008578;False;clear;org.mockito.internal.creation.DelegatingMethod%<init>#0@0$(16,18, this)
0.008578;False;clear;org.mockito.internal.creation.DelegatingMethod%<init>#0@1$(16,18, method)
0.008578;True;clear;org.mockito.internal.creation.DelegatingMethod%<init>#0@5$(16,(17,18), $assertionsDisabled)
0.008439;True;clear;org.mockito.internal.debugging.LocationImpl%toString#0@1$(29,(30,33), filtered)
0.008439;True;clear;org.mockito.internal.debugging.LocationImpl%toString#0@2$(29,33, filtered)
0.008314;True;clear;org.mockito.internal.invocation.InvocationMatcher%<init>#0@1$(31,34, this)
0.008314;True;clear;org.mockito.internal.invocation.InvocationMatcher%<init>#0@2$(31,34, invocation)
0.008314;True;clear;org.mockito.internal.invocation.InvocationMatcher%<init>#0@3$(31,(33,34), matchers)
0.008230;True;clear;org.mockito.internal.exceptions.stacktrace.StackTraceFilter%filter#0@1$(31,(46,49), keepTop)
0.008230;False;clear;org.mockito.internal.exceptions.stacktrace.StackTraceFilter%filter#0@37$(49,53, top)
0.008197;True;clear;org.mockito.internal.exceptions.stacktrace.StackTraceFilter%filter#0@28$(41,(40,35), firstBad)
0.008187;False;clear;org.mockito.internal.invocation.ArgumentsProcessor%argumentsToMatchers#1@0$(42,50, matchers)
0.008130;True;clear;org.mockito.internal.creation.cglib.CGLIBHacker%setMockitoNamingPolicy#0@0$(16,22, INSTANCE)
0.008130;True;clear;org.mockito.internal.creation.cglib.CGLIBHacker%setMockitoNamingPolicy#0@1$(18,(21,22), createInfo)
0.008130;True;clear;org.mockito.internal.creation.cglib.CGLIBHacker%setMockitoNamingPolicy#0@3$(18,22, createInfo)
0.008130;True;clear;org.mockito.internal.creation.cglib.CGLIBHacker%setMockitoNamingPolicy#0@4$(19,(21,22), namingPolicyField)
0.008130;True;clear;org.mockito.internal.creation.cglib.CGLIBHacker%setMockitoNamingPolicy#0@6$(19,22, namingPolicyField)
0.008097;False;clear;org.mockito.internal.exceptions.stacktrace.StackTraceFilter%filter#0@19$(35,(36,39), i)
0.008097;False;clear;org.mockito.internal.exceptions.stacktrace.StackTraceFilter%filter#0@20$(35,39, i)
0.008097;True;clear;org.mockito.internal.exceptions.stacktrace.StackTraceFilter%filter#0@22$(35,41, i)
0.008097;False;clear;org.mockito.internal.exceptions.stacktrace.StackTraceFilter%filter#0@32$(35,(36,39), i)
0.008097;False;clear;org.mockito.internal.exceptions.stacktrace.StackTraceFilter%filter#0@33$(35,39, i)
0.008083;True;clear;org.mockito.internal.creation.cglib.ClassImposterizer%createProxyClass#3@5$(91,(105,106), mockedType)
0.008083;False;clear;org.mockito.internal.creation.cglib.ClassImposterizer%createProxyClass#3@29$(95,106, enhancer)
0.008083;False;clear;org.mockito.internal.creation.cglib.ClassImposterizer%createProxyClass#3@30$(95,107, enhancer)
0.008083;False;clear;org.mockito.internal.creation.cglib.ClassImposterizer%createProxyClass#3@31$(102,107, allMockedTypes)
0.008018;True;clear;org.mockito.internal.invocation.ArgumentsProcessor%expandVarArgs#0@1$(22,(22,23), isVarArgs)
0.007982;True;clear;org.mockito.internal.invocation.ArgumentsProcessor%expandVarArgs#0@3$(22,(23,23), args)
0.007982;False;clear;org.mockito.internal.invocation.ArgumentsProcessor%expandVarArgs#0@4$(22,23, args)
0.007968;True;clear;org.mockito.internal.exceptions.stacktrace.DefaultStackTraceCleaner%isOut#0@2$(11,(14,14), fromOrgMockito)
0.007968;True;clear;org.mockito.internal.exceptions.stacktrace.DefaultStackTraceCleaner%isOut#0@6$(13,(14,14), isInternalRunner)
0.007968;False;clear;org.mockito.internal.exceptions.stacktrace.StackTraceFilter%filter#0@3$(31,(36,39), CLEANER)
0.007968;False;clear;org.mockito.internal.exceptions.stacktrace.StackTraceFilter%filter#0@9$(31,(36,39), unfilteredStackTrace)
0.007968;False;clear;org.mockito.internal.exceptions.stacktrace.StackTraceFilter%filter#0@14$(34,(40,41), firstBad)
0.007968;False;clear;org.mockito.internal.exceptions.stacktrace.StackTraceFilter%filter#0@23$(39,52, lastBad)
0.007937;False;clear;org.mockito.internal.exceptions.stacktrace.DefaultStackTraceCleaner%isOut#0@0$(10,(14,14), fromMockObject)
0.007937;True;clear;org.mockito.internal.exceptions.stacktrace.DefaultStackTraceCleaner%isOut#0@3$(11,(14,14), fromOrgMockito)
0.007937;False;clear;org.mockito.internal.exceptions.stacktrace.DefaultStackTraceCleaner%isOut#0@4$(12,(14,14), isRunner)
0.007937;False;clear;org.mockito.internal.exceptions.stacktrace.StackTraceFilter%filter#0@2$(31,(36,37), CLEANER)
0.007937;False;clear;org.mockito.internal.exceptions.stacktrace.StackTraceFilter%filter#0@4$(31,(35,36), unfilteredStackTrace)
0.007937;False;clear;org.mockito.internal.exceptions.stacktrace.StackTraceFilter%filter#0@8$(31,(36,37), unfilteredStackTrace)
0.007937;False;clear;org.mockito.internal.exceptions.stacktrace.StackTraceFilter%filter#0@16$(35,(35,36), i)
0.007937;False;clear;org.mockito.internal.exceptions.stacktrace.StackTraceFilter%filter#0@21$(35,35, i)
0.007937;False;clear;org.mockito.internal.exceptions.stacktrace.StackTraceFilter%filter#0@29$(35,(35,36), i)
0.007937;False;clear;org.mockito.internal.exceptions.stacktrace.StackTraceFilter%filter#0@30$(35,(35,46), i)
0.007937;True;clear;org.mockito.internal.exceptions.stacktrace.StackTraceFilter%filter#0@31$(35,(36,37), i)
0.007937;False;clear;org.mockito.internal.exceptions.stacktrace.StackTraceFilter%filter#0@34$(35,35, i)
0.007905;False;clear;org.mockito.internal.exceptions.stacktrace.StackTraceFilter%filter#0@5$(31,(35,46), unfilteredStackTrace)
0.007905;False;clear;org.mockito.internal.exceptions.stacktrace.StackTraceFilter%filter#0@6$(31,52, unfilteredStackTrace)
0.006958;True;clear;org.mockito.internal.util.MockUtil%createMock#1@3$(35,(36,40), spiedInstance)
0.006924;True;clear;org.mockito.internal.util.MockCreationValidator%validateMockedType#2@5$(38,(38,39), spiedInstance)
0.006876;True;clear;org.mockito.internal.creation.MockSettingsImpl%prepareExtraInterfaces#6@1$(186,(187,190), settings)
0.006876;True;clear;org.mockito.internal.util.MockCreationValidator%validateSerializable#4@8$(59,(59,66), serializable)
0.006803;True;clear;org.mockito.internal.util.MockCreationValidator%validateConstructorUse#5@1$(69,(69,72), usingConstructor)
0.006763;True;clear;org.mockito.internal.creation.instance.InstantiatorProvider%getInstantiator#0@1$(10,(10,13), settings)
0.006763;True;clear;org.mockito.internal.creation.instance.InstantiatorProvider%getInstantiator#0@3$(10,13, INSTANCE)
0.006757;False;clear;org.mockito.internal.util.MockUtil%createMock#1@0$(33,40, mock)
0.006757;True;clear;org.mockito.internal.MockitoCore%mock#0@0$(52,59, this)
0.006757;True;clear;org.mockito.internal.MockitoCore%mock#0@1$(52,60, this)
0.006757;True;clear;org.mockito.internal.MockitoCore%mock#0@2$(52,58, typeToMock)
0.006757;True;clear;org.mockito.internal.MockitoCore%mock#0@3$(52,60, typeToMock)
0.006757;True;clear;org.mockito.internal.MockitoCore%mock#0@5$(52,(52,57), settings)
0.006757;True;clear;org.mockito.internal.MockitoCore%mock#0@6$(52,57, settings)
0.006757;True;clear;org.mockito.internal.MockitoCore%mock#0@8$(52,59, this.mockUtil)
0.006757;True;clear;org.mockito.internal.MockitoCore%mock#0@9$(52,60, this.mockingProgress)
0.006750;False;clear;org.mockito.internal.progress.MockingProgressImpl%mockingStarted#3@2$(113,116, this)
0.006750;True;clear;org.mockito.internal.stubbing.InvocationContainerImpl%createRegisteredInvocations#5@1$(137,(137,137), mockSettings)
0.006744;True;clear;org.mockito.internal.creation.cglib.CglibMockMaker%cast#0@1$(29,(29,33), handler)
0.006744;True;clear;org.mockito.internal.creation.cglib.CglibMockMaker%cast#0@2$(29,33, handler)
0.006744;True;clear;org.mockito.internal.creation.cglib.AcrossJVMSerializationFeature%enableSerializationAcrossJVM#2@1$(166,(166,171), settings)
0.006744;True;clear;org.mockito.internal.creation.cglib.AcrossJVMSerializationFeature%enableSerializationAcrossJVM#2@4$(166,(166,171), ACROSS_CLASSLOADERS)
0.006744;False;clear;org.mockito.internal.creation.MockSettingsImpl%prepareExtraInterfaces#6@2$(186,190, interfaces)
0.006724;False;clear;org.mockito.internal.util.MockCreationValidator%validateExtraInterfaces#1@4$(26,(26,30), extraInterfaces)
0.006724;False;clear;org.mockito.internal.util.MockCreationValidator%validateExtraInterfaces#1@5$(26,30, extraInterfaces)
0.006718;True;clear;org.mockito.internal.creation.util.SearchingClassLoader%combine#1@1$(53,59, loader)
0.006718;True;clear;org.mockito.internal.creation.util.SearchingClassLoader%combine#1@4$(55,(55,59), i)
0.006718;False;clear;org.mockito.internal.creation.cglib.ClassImposterizer%createProxyClass#3@3$(91,(91,95), mockedType)
0.006718;False;clear;org.mockito.internal.creation.cglib.ClassImposterizer%createProxyClass#3@4$(91,102, mockedType)
0.006718;True;clear;org.mockito.internal.creation.cglib.ClassImposterizer%createProxyClass#3@9$(91,(114,117), mockedType)
0.006718;False;clear;org.mockito.internal.util.MockCreationValidator%validateMockedType#2@0$(38,(38,38), classToMock)
0.006718;True;clear;org.mockito.internal.util.MockCreationValidator%validateType#0@1$(20,(20,23), this)
0.006718;True;clear;org.mockito.internal.util.MockCreationValidator%validateType#0@3$(20,(20,23), classToMock)
0.006718;True;clear;org.mockito.internal.util.MockCreationValidator%validateType#0@6$(20,(20,23), this.mockUtil)
0.006711;False;clear;org.mockito.internal.creation.util.SearchingClassLoader%combineLoadersOf#0@0$(28,40, loaders)
0.006711;False;clear;org.mockito.internal.creation.util.SearchingClassLoader%combineLoadersOf#0@1$(28,44, loaders)
0.006711;False;clear;org.mockito.internal.creation.util.SearchingClassLoader%combineLoadersOf#0@2$(28,49, loaders)
0.006711;True;clear;org.mockito.internal.creation.util.SearchingClassLoader%combineLoadersOf#0@3$(28,32, loaders)
0.006711;True;clear;org.mockito.internal.creation.util.SearchingClassLoader%addIfNewElement#2@0$(63,(63,64), loaders)
0.006711;True;clear;org.mockito.internal.creation.util.SearchingClassLoader%addIfNewElement#2@1$(63,(63,66), loaders)
0.006711;True;clear;org.mockito.internal.creation.util.SearchingClassLoader%addIfNewElement#2@2$(63,64, loaders)
0.006711;False;clear;org.mockito.internal.creation.util.SearchingClassLoader%addIfNewElement#2@3$(63,(63,63), c)
0.006711;True;clear;org.mockito.internal.creation.util.SearchingClassLoader%addIfNewElement#2@5$(63,(63,64), c)
0.006711;True;clear;org.mockito.internal.creation.util.SearchingClassLoader%addIfNewElement#2@6$(63,(63,66), c)
0.006711;True;clear;org.mockito.internal.creation.util.SearchingClassLoader%addIfNewElement#2@7$(63,64, c)
0.006711;False;clear;org.mockito.internal.creation.cglib.ClassImposterizer%createProxyClass#3@0$(91,95, this)
0.006711;False;clear;org.mockito.internal.creation.cglib.ClassImposterizer%createProxyClass#3@1$(91,102, this)
0.006711;False;clear;org.mockito.internal.creation.cglib.ClassImposterizer%createProxyClass#3@10$(91,102, interfaces)
0.006711;False;clear;org.mockito.internal.creation.cglib.ClassImposterizer%createProxyClass#3@12$(91,113, IGNORE_BRIDGE_METHODS)
0.006711;False;clear;org.mockito.internal.creation.cglib.ClassImposterizer%createProxyClass#3@14$(91,117, INSTANCE)
0.006711;False;clear;org.mockito.internal.creation.cglib.ClassImposterizer%createProxyClass#3@23$(95,112, enhancer)
0.006711;False;clear;org.mockito.internal.creation.cglib.ClassImposterizer%createProxyClass#3@24$(95,113, enhancer)
0.006711;False;clear;org.mockito.internal.creation.cglib.ClassImposterizer%createProxyClass#3@25$(95,117, enhancer)
0.006711;False;clear;org.mockito.internal.creation.cglib.ClassImposterizer%createProxyClass#3@26$(95,120, enhancer)
0.006711;False;clear;org.mockito.internal.creation.cglib.ClassImposterizer%createProxyClass#3@27$(95,123, enhancer)
0.006711;True;clear;org.mockito.internal.util.MockUtil%isTypeMockable#0@2$(27,(27,27), type)
0.006705;False;clear;org.mockito.internal.util.MockUtil%isTypeMockable#0@0$(27,(27,27), type)
0.006699;True;clear;org.mockito.internal.creation.settings.CreationSettings%isSerializable#0@1$(94,(94,94), this)
0.006699;True;clear;org.mockito.internal.creation.settings.CreationSettings%isSerializable#0@3$(94,(94,94), NONE)
0.006699;True;clear;org.mockito.internal.creation.settings.CreationSettings%isSerializable#0@5$(94,(94,94), this.serializableMode)
0.006686;False;clear;org.mockito.internal.creation.MockSettingsImpl%defaultAnswer#1@0$(81,85, this)
0.006686;True;clear;org.mockito.internal.creation.MockSettingsImpl%defaultAnswer#1@2$(81,(82,85), defaultAnswer)
0.006323;True;clear;org.mockito.internal.configuration.InjectingAnnotationEngine%processInjectMocks#0@5$(63,(61,62), classContext)
0.006323;True;clear;org.mockito.internal.configuration.InjectingAnnotationEngine%processInjectMocks#0@7$(63,63, classContext)
0.006323;True;clear;org.mockito.internal.configuration.InjectingAnnotationEngine%processIndependentAnnotations#1@11$(75,(69,71), classContext)
0.006323;True;clear;org.mockito.internal.configuration.InjectingAnnotationEngine%processIndependentAnnotations#1@13$(75,71, classContext)
0.006323;True;clear;org.mockito.internal.configuration.InjectingAnnotationEngine%processIndependentAnnotations#1@14$(75,73, classContext)
0.006323;True;clear;org.mockito.internal.configuration.InjectingAnnotationEngine%processIndependentAnnotations#1@15$(75,75, classContext)
0.006323;True;clear;org.mockito.internal.configuration.InjectingAnnotationEngine%injectMocks#2@11$(97,(94,95), clazz)
0.006323;True;clear;org.mockito.internal.configuration.InjectingAnnotationEngine%injectMocks#2@13$(97,95, clazz)
0.006323;True;clear;org.mockito.internal.configuration.InjectingAnnotationEngine%injectMocks#2@14$(97,96, clazz)
0.006323;True;clear;org.mockito.internal.configuration.InjectingAnnotationEngine%injectMocks#2@15$(97,97, clazz)
0.006323;True;clear;org.mockito.MockitoAnnotations%initMocks#0@13$(103,(101,102), clazz)
0.006323;True;clear;org.mockito.MockitoAnnotations%initMocks#0@15$(103,102, clazz)
0.006323;True;clear;org.mockito.MockitoAnnotations%initMocks#0@16$(103,103, clazz)
0.005998;True;clear;org.mockito.internal.configuration.injection.scanner.MockScanner%scan#0@6$(61,(62,57), mockInstance)
0.005998;False;clear;org.mockito.internal.configuration.injection.scanner.MockScanner%preparedMock#1@1$(70,(70,72), this)
0.005998;True;clear;org.mockito.internal.configuration.injection.scanner.MockScanner%preparedMock#1@3$(70,(72,76), this)
0.005998;True;clear;org.mockito.internal.configuration.injection.scanner.MockScanner%preparedMock#1@6$(70,(72,76), instance)
0.005998;False;clear;org.mockito.internal.configuration.injection.scanner.MockScanner%preparedMock#1@11$(70,(70,72), field)
0.005998;False;clear;org.mockito.internal.configuration.injection.scanner.MockScanner%isAnnotatedByMockOrSpy#2@2$(80,(81,81), field)
0.005998;True;clear;org.mockito.internal.configuration.injection.scanner.MockScanner%isAnnotatedByMockOrSpy#2@5$(80,(82,82), field)
0.005998;False;clear;org.mockito.internal.configuration.injection.scanner.MockScanner%isMockOrSpy#3@0$(86,(86,86), this)
0.005998;True;clear;org.mockito.internal.configuration.injection.scanner.MockScanner%isMockOrSpy#3@3$(86,(87,87), this)
0.005998;False;clear;org.mockito.internal.configuration.injection.scanner.MockScanner%isMockOrSpy#3@4$(86,(86,86), instance)
0.005998;True;clear;org.mockito.internal.configuration.injection.scanner.MockScanner%isMockOrSpy#3@7$(86,(87,87), instance)
0.005998;False;clear;org.mockito.internal.configuration.injection.scanner.MockScanner%isMockOrSpy#3@8$(86,(86,86), this.mockUtil)
0.005998;True;clear;org.mockito.internal.configuration.injection.scanner.MockScanner%isMockOrSpy#3@11$(86,(87,87), this.mockUtil)
0.005998;True;clear;org.mockito.internal.util.MockUtil%isSpy#3@1$(70,(70,70), this)
0.005998;True;clear;org.mockito.internal.util.MockUtil%isSpy#3@5$(70,(70,70), mock)
0.005993;True;clear;org.mockito.internal.creation.cglib.CglibMockMaker%getHandler#1@0$(41,(41,42), mock)
0.005993;True;clear;org.mockito.internal.util.MockUtil%isMockitoMock#4@1$(74,(74,74), mock)
0.005993;True;clear;org.mockito.internal.util.MockUtil%isMockitoMock#4@3$(74,(74,74), mockMaker)
0.005988;True;clear;org.mockito.internal.invocation.ArgumentsComparator%argumentsMatch#1@12$(25,(26,27), i)
0.005968;False;clear;org.mockito.internal.configuration.injection.scanner.MockScanner%scan#0@0$(56,59, this)
0.005968;False;clear;org.mockito.internal.configuration.injection.scanner.MockScanner%scan#0@1$(56,61, this)
0.005968;False;clear;org.mockito.internal.configuration.injection.scanner.MockScanner%scan#0@2$(56,59, this.instance)
0.005968;False;clear;org.mockito.internal.configuration.injection.scanner.MockScanner%scan#0@3$(56,66, mocks)
0.005968;False;clear;org.mockito.internal.configuration.injection.scanner.MockScanner%isAnnotatedByMockOrSpy#2@0$(80,(80,80), field)
0.005968;False;clear;org.mockito.internal.configuration.injection.scanner.InjectMocksScanner%scan#0@1$(49,58, mockDependentFields)
0.005968;True;clear;org.mockito.internal.configuration.injection.scanner.InjectMocksScanner%scan#0@4$(51,(52,51), field)
0.005968;False;clear;org.mockito.internal.configuration.InjectingAnnotationEngine%processInjectMocks#0@0$(60,62, this)
0.005968;False;clear;org.mockito.internal.configuration.InjectingAnnotationEngine%processInjectMocks#0@1$(60,62, testInstance)
0.005968;False;clear;org.mockito.internal.configuration.InjectingAnnotationEngine%processInjectMocks#0@2$(60,(61,62), classContext)
0.005968;False;clear;org.mockito.internal.configuration.InjectingAnnotationEngine%processInjectMocks#0@4$(60,63, classContext)
0.005968;False;clear;org.mockito.internal.configuration.InjectingAnnotationEngine%processInjectMocks#0@6$(63,(61,65), classContext)
0.005968;False;clear;org.mockito.internal.configuration.InjectingAnnotationEngine%processIndependentAnnotations#1@0$(68,71, this)
0.005968;False;clear;org.mockito.internal.configuration.InjectingAnnotationEngine%processIndependentAnnotations#1@1$(68,73, this)
0.005968;False;clear;org.mockito.internal.configuration.InjectingAnnotationEngine%processIndependentAnnotations#1@2$(68,71, testInstance)
0.005968;False;clear;org.mockito.internal.configuration.InjectingAnnotationEngine%processIndependentAnnotations#1@3$(68,73, testInstance)
0.005968;False;clear;org.mockito.internal.configuration.InjectingAnnotationEngine%processIndependentAnnotations#1@4$(68,71, this.delegate)
0.005968;False;clear;org.mockito.internal.configuration.InjectingAnnotationEngine%processIndependentAnnotations#1@5$(68,73, this.spyAnnotationEngine)
0.005968;False;clear;org.mockito.internal.configuration.InjectingAnnotationEngine%processIndependentAnnotations#1@6$(68,(69,71), classContext)
0.005968;False;clear;org.mockito.internal.configuration.InjectingAnnotationEngine%processIndependentAnnotations#1@8$(68,71, classContext)
0.005968;False;clear;org.mockito.internal.configuration.InjectingAnnotationEngine%processIndependentAnnotations#1@9$(68,73, classContext)
0.005968;False;clear;org.mockito.internal.configuration.InjectingAnnotationEngine%processIndependentAnnotations#1@10$(68,75, classContext)
0.005968;False;clear;org.mockito.internal.configuration.InjectingAnnotationEngine%processIndependentAnnotations#1@12$(75,(69,77), classContext)
0.005968;False;clear;org.mockito.internal.configuration.InjectingAnnotationEngine%injectMocks#2@0$(90,100, testClassInstance)
0.005968;False;clear;org.mockito.internal.configuration.InjectingAnnotationEngine%injectMocks#2@1$(90,96, testClassInstance)
0.005968;False;clear;org.mockito.internal.configuration.InjectingAnnotationEngine%injectMocks#2@2$(90,(94,95), clazz)
0.005968;False;clear;org.mockito.internal.configuration.InjectingAnnotationEngine%injectMocks#2@4$(90,95, clazz)
0.005968;False;clear;org.mockito.internal.configuration.InjectingAnnotationEngine%injectMocks#2@5$(90,96, clazz)
0.005968;False;clear;org.mockito.internal.configuration.InjectingAnnotationEngine%injectMocks#2@6$(90,97, clazz)
0.005968;False;clear;org.mockito.internal.configuration.InjectingAnnotationEngine%injectMocks#2@7$(91,100, mockDependentFields)
0.005968;False;clear;org.mockito.internal.configuration.InjectingAnnotationEngine%injectMocks#2@8$(91,95, mockDependentFields)
0.005968;False;clear;org.mockito.internal.configuration.InjectingAnnotationEngine%injectMocks#2@9$(92,100, mocks)
0.005968;False;clear;org.mockito.internal.configuration.InjectingAnnotationEngine%injectMocks#2@10$(92,96, mocks)
0.005968;False;clear;org.mockito.internal.configuration.InjectingAnnotationEngine%injectMocks#2@12$(97,(94,100), clazz)
0.005968;True;clear;org.mockito.internal.configuration.SpyAnnotationEngine%process#0@6$(49,(50,49), field)
0.005968;True;clear;org.mockito.internal.configuration.injection.MockInjectionStrategy%thenTry#0@0$(41,(41,42), this)
0.005968;True;clear;org.mockito.internal.configuration.injection.MockInjectionStrategy%thenTry#0@3$(41,42, this)
0.005968;True;clear;org.mockito.internal.configuration.injection.MockInjectionStrategy%thenTry#0@6$(41,42, strategy)
0.005968;True;clear;org.mockito.internal.configuration.injection.MockInjectionStrategy%thenTry#0@7$(41,(41,42), this.nextStrategy)
0.005968;True;clear;org.mockito.internal.configuration.injection.MockInjectionStrategy%thenTry#0@9$(41,42, this.nextStrategy)
0.005968;False;clear;org.mockito.MockitoAnnotations%initMocks#0@1$(90,(90,94), testClass)
0.005968;False;clear;org.mockito.MockitoAnnotations%initMocks#0@2$(90,95, testClass)
0.005968;False;clear;org.mockito.MockitoAnnotations%initMocks#0@3$(90,108, testClass)
0.005968;False;clear;org.mockito.MockitoAnnotations%initMocks#0@4$(90,102, testClass)
0.005968;False;clear;org.mockito.MockitoAnnotations%initMocks#0@5$(94,(98,101), annotationEngine)
0.005968;False;clear;org.mockito.MockitoAnnotations%initMocks#0@7$(94,108, annotationEngine)
0.005968;False;clear;org.mockito.MockitoAnnotations%initMocks#0@8$(94,102, annotationEngine)
0.005968;False;clear;org.mockito.MockitoAnnotations%initMocks#0@9$(95,(101,102), clazz)
0.005968;False;clear;org.mockito.MockitoAnnotations%initMocks#0@11$(95,102, clazz)
0.005968;False;clear;org.mockito.MockitoAnnotations%initMocks#0@12$(95,103, clazz)
0.005968;False;clear;org.mockito.MockitoAnnotations%initMocks#0@14$(103,(101,108), clazz)
0.005968;True;clear;org.mockito.MockitoAnnotations%scanDeprecatedWay#1@0$(112,115, annotationEngine)
0.005968;True;clear;org.mockito.MockitoAnnotations%scanDeprecatedWay#1@1$(112,115, testClass)
0.005947;True;clear;org.mockito.internal.configuration.injection.MockInjectionStrategy%thenTry#0@1$(41,(41,44), this)
0.005947;True;clear;org.mockito.internal.configuration.injection.MockInjectionStrategy%thenTry#0@2$(41,44, this)
0.005947;True;clear;org.mockito.internal.configuration.injection.MockInjectionStrategy%thenTry#0@4$(41,44, strategy)
0.005947;False;clear;org.mockito.internal.configuration.injection.MockInjectionStrategy%thenTry#0@5$(41,46, strategy)
0.005947;True;clear;org.mockito.internal.configuration.injection.MockInjectionStrategy%thenTry#0@8$(41,(41,44), this.nextStrategy)
0.005942;False;clear;org.mockito.internal.util.Checks%checkItemsNotNull#1@0$(21,25, iterable)
0.005932;True;clear;org.mockito.internal.util.collections.HashCodeAndEqualsSafeSet%asWrappedMocks#3@2$(133,138, hashSet)
0.005902;False;clear;org.mockito.internal.util.collections.HashCodeAndEqualsSafeSet%of#4@0$(150,(151,152), objects)
0.005902;False;clear;org.mockito.internal.util.collections.HashCodeAndEqualsSafeSet%of#4@2$(150,152, objects)
0.005902;False;clear;org.mockito.internal.util.collections.HashCodeAndEqualsSafeSet%of#4@3$(150,156, hashCodeAndEqualsSafeSet)
0.005747;True;clear;org.mockito.internal.util.Checks%checkNotNull#0@1$(14,(14,17), value)
0.005747;True;clear;org.mockito.internal.util.Checks%checkNotNull#0@2$(14,17, value)
0.005747;False;clear;org.mockito.internal.invocation.ArgumentsComparator%argumentsMatch#1@2$(22,(26,27), invocationMatcher)
0.005747;False;clear;org.mockito.internal.invocation.ArgumentsComparator%argumentsMatch#1@8$(22,(26,27), actualArgs)
0.005181;True;clear;org.mockito.internal.progress.MockingProgressImpl%validateState#1@1$(68,(71,76), this)
0.005181;True;clear;org.mockito.internal.progress.MockingProgressImpl%validateState#1@6$(68,(71,76), this.stubbingInProgress)
0.005166;True;clear;org.mockito.internal.progress.ThreadSafeMockingProgress%threadSafely#0@1$(21,(21,24), mockingProgress)
0.005166;False;clear;org.mockito.internal.progress.ThreadSafeMockingProgress%threadSafely#0@2$(21,24, mockingProgress)
0.005166;True;clear;org.mockito.internal.progress.MockingProgressImpl%validateMostStuff#2@1$(81,(83,89), this)
0.005166;False;clear;org.mockito.internal.progress.MockingProgressImpl%validateMostStuff#2@2$(81,89, this)
0.005166;True;clear;org.mockito.internal.progress.MockingProgressImpl%validateMostStuff#2@7$(81,(83,89), this.verificationMode)
0.005166;True;clear;org.mockito.internal.configuration.GlobalConfiguration%<init>#0@2$(29,(31,34), GLOBAL_CONFIGURATION)
0.005166;True;clear;org.mockito.internal.progress.ArgumentMatcherStorageImpl%validateState#4@1$(112,(112,117), this)
0.005166;True;clear;org.mockito.internal.progress.ArgumentMatcherStorageImpl%validateState#4@5$(112,(112,117), this.matcherStack)
0.004630;False;clear;org.mockito.internal.matchers.Equality%areEqual#0@1$(13,(13,15), o1)
0.004630;False;clear;org.mockito.internal.matchers.Equality%areEqual#0@12$(13,(13,15), o2)
0.003106;False;clear;org.mockito.internal.util.StringJoiner%join#0@0$(16,19, out)
0.003106;False;clear;org.mockito.internal.util.StringJoiner%join#0@1$(16,20, out)
0.003106;True;clear;org.mockito.internal.util.StringJoiner%join#0@2$(16,17, out)
0.002375;True;clear;org.mockito.internal.progress.HandyReturnValues%returnFor#0@1$(37,(37,40), clazz)
0.002358;True;clear;org.mockito.internal.handler.NullResultGuardian%handle#0@3$(30,(31,33), returnType)
0.002358;True;clear;org.mockito.internal.handler.NullResultGuardian%handle#0@5$(30,33, returnType)
0.001957;True;clear;org.mockito.internal.util.ObjectMethodsGuru%isToString#0@1$(22,(22,24), method)
